"","y","first","last","year","id_y"
"1",3.68376895515043,"Michael","Webster",1908,1
"2",-0.612243421208288,"David","Smyth",1908,2
"3",4.45924838626357,"William","Anderson",1914,3
"4",2.86069459386796,"Andrew","Webster",1900,4
"5",1.29651031575015,"Matthew","Curry",1901,5
"6",-1.22993852167056,"Christopher","Walton",1924,6
"7",3.80434901860143,"David","Chang",1903,7
"8",5.30469297910802,"Alexis","Smyth",1906,8
"9",3.56555014831961,"John","Webster",1919,9
"10",1.218412163352,"Nicholas","Walton",1911,10
"11",0.680191422113676,"Zachary","Goodwin",1914,11
"12",2.76803908879172,"James","Wolper",1914,12
"13",0.760577014006385,"Meghan","Sherman",1911,13
"14",4.03560337699802,"Justin","Anderson",1920,14
"15",2.47458448942882,"Christopher","Brady",1914,15
"16",3.63448453488228,"Tyler","Potter",1903,16
"17",3.97357314487558,"Brandon","Sherman",1902,17
"18",2.7709359682798,"Megan","Chang",1914,18
"19",0.935238136474705,"Lauren","Andersen",1924,19
"20",4.63485192594804,"Megan","Curry",1922,20
"21",0.138428468481744,"Anthony","Williams",1902,21
"22",-0.0920747235534198,"Madison","Chang",1924,22
"23",5.24441924621971,"Zachary","Campos",1907,23
"24",1.88088092256929,"Alexis","Andersen",1906,24
"25",1.29615398500813,"Elizabeth","Smith",1905,25
"26",2.35498603807557,"Daniel","Cheng",1915,26
"27",3.03098844169224,"Brandon","Ashenfelter",1909,27
"28",-0.587167588384872,"Kayla","Wolper",1913,28
"29",-0.406520522898463,"Jessica","Smyth",1915,29
"30",6.07224573630007,"Kayla","Johnson",1901,30
"31",0.730252256757194,"Alyssa","Todd",1911,31
"32",1.83827622926765,"Ashley","Molina",1919,32
"33",0.440674417694941,"William","Webster",1912,33
"34",0.68006781312584,"Samantha","Curry",1918,34
"35",2.71672787472334,"Victoria","Webster",1902,35
"36",1.99658171352886,"Nicholas","Ashenfelter",1917,36
"37",2.56409362865164,"Olivia","Wolper",1900,37
"38",0.06355861264347,"Victoria","Williams",1920,38
"39",3.50710978789298,"Zachary","Cheng",1924,39
"40",2.07996393675348,"Kayla","Williams",1913,40
"41",-0.0369407921562106,"Zachary","Potter",1920,41
"42",3.23286703085354,"Megan","Chang",1901,42
"43",2.51618622243624,"Anthony","Williams",1911,43
"44",5.81216186406552,"Victoria","Anderson",1919,44
"45",-0.83451356052612,"Meghan","Mullins",1904,45
"46",4.20730550896067,"Alexander","Walton",1918,46
"47",0.375496221045464,"Sarah","Goodwin",1925,47
"48",0.318895332129629,"Daniel","Fischer",1902,48
"49",3.82907464938011,"Ryan","Williams",1901,49
"50",4.60385874352605,"Anthony","Fischer",1912,50
"51",5.32925288475276,"Rachel","Smith",1920,51
"52",2.98199375602957,"Nicholas","Webster",1922,52
"53",2.98702264713785,"John","Wolper",1900,53
"54",3.55541708284952,"Joshua","Anderson",1915,54
"55",5.13862033751215,"Joshua","Brady",1907,55
"56",-0.680923341329907,"Brandon","Molina",1922,56
"57",-1.04983758481276,"David","Curry",1917,57
"58",0.515127106758475,"John","Wolper",1916,58
"59",2.74699598657127,"Jessica","Anderson",1903,59
"60",4.03680140610103,"Victoria","Christensen",1921,60
"61",4.47086774306803,"Michael","Walton",1919,61
"62",1.23826345654906,"Christopher","Brady",1924,62
"63",2.25751822743168,"Tyler","Wolper",1922,63
"64",4.10365101807794,"Madison","Smyth",1911,64
"65",2.34256657324488,"Olivia","Goodwin",1904,65
"66",0.984485836853024,"Taylor","Christensen",1917,66
"67",2.77799905828579,"Jessica","Molina",1902,67
"68",3.17269071930844,"Joseph","Johnson",1924,68
"69",1.8309280387085,"Madison","Campos",1909,69
"70",4.29882243224386,"Victoria","Ashenfelter",1911,70
"71",5.2014559370574,"Olivia","Mullins",1906,71
"72",3.29988973099642,"Samantha","Wolper",1900,72
"73",2.00377859316143,"Tyler","Goodwin",1919,73
"74",-0.75312801995749,"Alexis","Potter",1918,74
"75",-1.25515553873286,"Tyler","Webster",1907,75
"76",1.057631277705,"Matthew","Curry",1908,76
"77",5.6082645411574,"Jacob","Mullins",1919,77
"78",3.10130011888332,"James","Williams",1917,78
"79",5.37053935610788,"Andrew","Johnson",1924,79
"80",-0.225045647782396,"Brandon","Molina",1907,80
"81",3.38342049892365,"Christopher","Brady",1925,81
"82",-0.407149397333376,"Nicholas","Cheng",1924,82
"83",3.72076642863438,"Matthew","Webster",1909,83
"84",0.474335153303593,"Tyler","Potter",1918,84
"85",0.942957344994145,"Christopher","Ashenfelter",1922,85
"86",4.35067140507126,"Matthew","Avila",1905,86
"87",4.73784683238938,"William","Smyth",1909,87
"88",3.70547691211291,"Daniel","Chang",1907,88
"89",-1.7664985523311,"Rachel","Andersen",1901,89
"90",5.31253892394409,"Daniel","Walton",1920,90
"91",5.47526489305968,"Daniel","Todd",1908,91
"92",1.40117952036026,"Brandon","Todd",1902,92
"93",-0.794470508433289,"Hannah","Avila",1909,93
"94",4.29454366500686,"Ryan","Wolper",1920,94
"95",2.09780168907424,"Hannah","Potter",1904,95
"96",4.9643553723358,"Matthew","Curry",1912,96
"97",0.763333416700165,"Kayla","Potter",1920,97
"98",2.04938997999917,"John","Andersen",1924,98
"99",0.535915379989154,"Andrew","Williams",1914,99
"100",1.57269318436243,"Samantha","Brady",1918,100
"101",5.80214616000213,"Andrew","Campos",1906,101
"102",5.85783280962976,"Olivia","Andersen",1916,102
"103",1.32781971222553,"Tyler","Mullins",1914,103
"104",3.95600467684137,"David","Smyth",1906,104
"105",-0.156751652766435,"Ashley","Christensen",1910,105
"106",3.37574150084153,"Lauren","Mullins",1919,106
"107",2.51519721935173,"Alexis","Johnson",1923,107
"108",1.1750114434874,"Michael","Williams",1918,108
"109",0.486073846511647,"Jacob","Smith",1922,109
"110",1.12666200476162,"Samantha","Smyth",1915,110
"111",3.40873872867309,"Christopher","Potter",1913,111
"112",3.47591682587874,"John","Smyth",1909,112
"113",4.14231792514653,"Meghan","Molina",1909,113
"114",1.30487220260803,"Alyssa","Walton",1925,114
"115",-3.16283674231582,"Tyler","Ashenfelter",1923,115
"116",1.48870491370623,"Victoria","Smyth",1919,116
"117",2.50746059901771,"James","Wolper",1917,117
"118",0.738513127535793,"Zachary","Wolper",1924,118
"119",-0.564104013585458,"Kayla","Mullins",1901,119
"120",3.25670099122882,"Ryan","Fischer",1904,120
"121",3.83900820794979,"Michael","Walton",1907,121
"122",1.84986191781254,"Ashley","Walton",1917,122
"123",4.73062425264387,"Rachel","Todd",1919,123
"124",3.01942509133972,"Zachary","Todd",1908,124
"125",2.00460552121435,"Lauren","Christensen",1919,125
"126",0.87235014607086,"David","Campos",1914,126
"127",0.495143821495182,"Taylor","Christensen",1912,127
"128",3.8791930234255,"Michael","Johnson",1925,128
"129",3.17801178802,"Elizabeth","Brady",1909,129
"130",1.18207947368787,"Daniel","Molina",1917,130
"131",-0.0104399731045364,"Grace","Molina",1901,131
"132",-1.71870442755188,"James","Smith",1904,132
"133",-1.00686754562471,"Justin","Campos",1914,133
"134",-1.48223516578067,"Madison","Goodwin",1914,134
"135",3.27664426454987,"Daniel","Williams",1919,135
"136",0.259417988785278,"Michael","Potter",1903,136
"137",1.1469492023949,"Sarah","Cheng",1915,137
"138",5.12643905882498,"Joshua","Walton",1918,138
"139",6.98302202386486,"David","Anderson",1916,139
"140",2.42808692721777,"Emma","Cheng",1919,140
"141",1.19240475173842,"Joshua","Avila",1911,141
"142",-1.01701199072638,"Samantha","Sherman",1922,142
"143",1.8091432628146,"Meghan","Sherman",1904,143
"144",7.21904773066174,"David","Johnson",1900,144
"145",2.85308294787223,"Jessica","Avila",1909,145
"146",6.33522878590186,"Alexis","Smith",1917,146
"147",0.578391446941257,"Alexander","Mullins",1905,147
"148",1.36214721349574,"Emily","Campos",1908,148
"149",2.06049574297649,"Alyssa","Cheng",1901,149
"150",1.24320479969138,"Ashley","Brady",1912,150
"151",1.4769455159731,"Nicholas","Brady",1905,151
"152",6.67915239948171,"Andrew","Todd",1918,152
"153",1.54824983837494,"Kayla","Wolper",1924,153
"154",-3.05270393085965,"Lauren","Sherman",1920,154
"155",7.15597216488496,"Alexander","Sherman",1904,155
"156",3.25032824986242,"Jacob","Walton",1915,156
"157",1.10666910633636,"William","Brady",1900,157
"158",5.6449502383302,"Madison","Goodwin",1923,158
"159",-0.699941051577147,"Zachary","Brady",1905,159
"160",0.925870199676579,"John","Cheng",1923,160
"161",4.25512985056227,"Joshua","Anderson",1925,161
"162",5.3819166895916,"Daniel","Ashenfelter",1920,162
"163",-0.601369729955058,"Matthew","Mullins",1914,163
"164",5.03176373303567,"Justin","Andersen",1905,164
"165",0.418252010802569,"Hannah","Webster",1900,165
"166",5.85807350791866,"Grace","Wolper",1916,166
"167",2.43439162094249,"Lauren","Curry",1919,167
"168",0.671206326907633,"John","Sherman",1919,168
"169",3.34789418207161,"Lauren","Johnson",1909,169
"170",3.20631234917162,"Meghan","Avila",1905,170
"171",1.4766762079653,"Anthony","Brady",1903,171
"172",0.256936957217123,"John","Webster",1912,172
"173",4.53244128536213,"Megan","Chang",1920,173
"174",2.2616057552142,"Jessica","Wolper",1904,174
"175",0.349323395105118,"Michael","Wolper",1917,175
"176",0.363206207882258,"Emma","Avila",1910,176
"177",3.37819667695769,"Megan","Curry",1919,177
"178",3.58093578768143,"Alexis","Andersen",1915,178
"179",2.91221485799643,"Nicholas","Goodwin",1909,179
"180",3.2777075027735,"Elizabeth","Sherman",1918,180
"181",0.512284925684767,"Michael","Campos",1907,181
"182",2.78636254513925,"Rachel","Chang",1920,182
"183",1.85082798005457,"Justin","Avila",1921,183
"184",1.56412987000284,"Ashley","Christensen",1918,184
"185",2.81479075882935,"Megan","Walton",1913,185
"186",6.17226149104841,"Meghan","Smith",1914,186
"187",4.66461561869376,"Lauren","Goodwin",1902,187
"188",0.941945869492936,"Grace","Smyth",1903,188
"189",0.999507071729913,"David","Goodwin",1915,189
"190",1.13782097547734,"Michael","Walton",1910,190
"191",5.56080893700741,"Taylor","Wolper",1922,191
"192",5.48689757658776,"Jessica","Brady",1904,192
"193",-0.335206644579756,"Anthony","Molina",1917,193
"194",1.60158013726031,"John","Webster",1908,194
"195",1.59298638268288,"John","Johnson",1907,195
"196",3.20561956687561,"Ashley","Cheng",1914,196
"197",2.80183658715853,"Alexis","Anderson",1900,197
"198",3.05807967902846,"Alyssa","Walton",1913,198
"199",4.28971931415924,"Emily","Campos",1914,199
"200",2.45900937234816,"Taylor","Goodwin",1908,200
"201",2.26297944308714,"Emily","Brady",1909,201
"202",5.09182317268955,"Anthony","Molina",1913,202
"203",3.25018372828602,"Samantha","Curry",1920,203
"204",2.16057724157286,"Samantha","Smyth",1925,204
"205",4.51103181312708,"James","Campos",1923,205
"206",1.38133098100729,"Ashley","Brady",1902,206
"207",3.16644631376036,"Jacob","Campos",1901,207
"208",3.04433079955599,"Emily","Todd",1908,208
"209",2.97779689894767,"Lauren","Mullins",1902,209
"210",-1.96745000334911,"Samantha","Potter",1907,210
"211",1.71745458706297,"James","Ashenfelter",1902,211
"212",5.12590148340724,"William","Ashenfelter",1906,212
"213",1.19692704101662,"Taylor","Curry",1924,213
"214",0.76852187187524,"David","Fischer",1909,214
"215",0.23029816797469,"Taylor","Fischer",1915,215
"216",2.75332166124884,"Nicholas","Campos",1916,216
"217",2.8132568352447,"John","Smith",1906,217
"218",0.802529819768467,"Ryan","Webster",1921,218
"219",-1.72140008812661,"Lauren","Sherman",1900,219
"220",2.03014450967728,"Jacob","Avila",1925,220
"221",1.18175375414008,"Victoria","Todd",1924,221
"222",-1.68932410868283,"David","Molina",1916,222
"223",-0.466559617965862,"Brandon","Molina",1913,223
"224",-1.73779808549565,"Daniel","Potter",1909,224
"225",4.21608619726735,"Zachary","Ashenfelter",1911,225
"226",1.51304617901815,"Ryan","Brady",1909,226
"227",3.4746007990723,"Michael","Campos",1925,227
"228",7.76849174697775,"Alyssa","Anderson",1914,228
"229",1.13177825984965,"Joseph","Johnson",1921,229
"230",0.608713587613122,"Sarah","Brady",1922,230
"231",1.41493420307823,"Joseph","Mullins",1904,231
"232",4.50661699755543,"Lauren","Ashenfelter",1921,232
"233",4.86849687152197,"Anthony","Chang",1924,233
"234",0.03195080257517,"Anthony","Webster",1901,234
"235",2.22941390370995,"Andrew","Cheng",1910,235
"236",2.74735877241102,"Justin","Goodwin",1922,236
"237",3.51814133226168,"James","Ashenfelter",1909,237
"238",0.578048141409613,"William","Brady",1912,238
"239",1.27417076296331,"Daniel","Webster",1919,239
"240",2.79403066806093,"Alyssa","Smith",1917,240
"241",3.62052348578921,"Alexander","Walton",1911,241
"242",6.21444824794276,"Brandon","Curry",1910,242
"243",5.1919540764229,"Alexis","Todd",1922,243
"244",3.95184211413509,"Meghan","Avila",1923,244
"245",1.91139551834421,"Tyler","Todd",1904,245
"246",2.42037590177146,"Taylor","Cheng",1925,246
"247",0.346018444883962,"Jacob","Williams",1917,247
"248",0.0757381728503801,"Samantha","Molina",1925,248
"249",3.06015489392853,"Joseph","Curry",1907,249
"250",3.62009674467653,"Ryan","Anderson",1902,250
"251",2.30792220109699,"John","Smyth",1917,251
"252",1.75132235156673,"Madison","Campos",1922,252
"253",1.59537723634124,"William","Fischer",1924,253
"254",2.24679894384817,"Alexander","Chang",1904,254
"255",6.65802877304364,"Joshua","Webster",1916,255
"256",0.99438339884146,"Olivia","Smyth",1914,256
"257",6.04267158634622,"William","Todd",1903,257
"258",-0.990696627834836,"Alexander","Smith",1923,258
"259",-0.566530559731315,"Emma","Ashenfelter",1917,259
"260",3.03724442851204,"Michael","Fischer",1922,260
"261",2.38322408808556,"William","Goodwin",1917,261
"262",1.06619028255076,"Taylor","Williams",1923,262
"263",-0.192894443643832,"Joseph","Johnson",1908,263
"264",1.95616175037673,"Alexander","Chang",1925,264
"265",0.0293169057685483,"Anthony","Ashenfelter",1911,265
"266",2.93161906202276,"Hannah","Williams",1921,266
"267",3.32356838186534,"Ashley","Johnson",1914,267
"268",3.44448957947259,"Tyler","Andersen",1911,268
"269",1.18886419999515,"James","Walton",1917,269
"270",4.45360142319582,"Andrew","Potter",1907,270
"271",0.0655859766410579,"Joseph","Wolper",1907,271
"272",0.0584161734952399,"Victoria","Chang",1903,272
"273",1.65223255808649,"Tyler","Anderson",1913,273
"274",2.74454332953347,"Brandon","Curry",1902,274
"275",3.13927770389439,"Taylor","Andersen",1917,275
"276",1.88009344812031,"Alexis","Molina",1904,276
"277",0.145149359262984,"Lauren","Todd",1922,277
"278",0.548202303203066,"John","Molina",1903,278
"279",4.98514651422429,"Joseph","Mullins",1906,279
"280",4.49036452961468,"Emily","Walton",1922,280
"281",0.01890273428237,"Tyler","Wolper",1924,281
"282",1.84477966812443,"Rachel","Christensen",1902,282
"283",2.46122096391373,"Justin","Sherman",1909,283
"284",1.92540616709474,"Zachary","Fischer",1923,284
"285",3.65482165907395,"Joseph","Ashenfelter",1919,285
"286",1.39587781843751,"Hannah","Smith",1907,286
"287",2.34654714498827,"James","Potter",1908,287
"288",2.45556662520997,"Ashley","Williams",1916,288
"289",5.70970423033326,"James","Curry",1905,289
"290",0.52980045325142,"Anthony","Chang",1914,290
"291",3.90855209571143,"Samantha","Fischer",1903,291
"292",4.80636957276436,"Alexis","Avila",1925,292
"293",-0.386844960695822,"James","Johnson",1902,293
"294",-0.636688864190498,"Alyssa","Curry",1921,294
"295",-1.4088404564218,"Jacob","Brady",1908,295
"296",1.96320193802515,"Tyler","Fischer",1920,296
"297",1.34081001484395,"Joseph","Brady",1906,297
"298",3.94995284466938,"Joshua","Curry",1922,298
"299",3.1125850211191,"Matthew","Anderson",1913,299
"300",1.84495273527285,"Kayla","Chang",1919,300
"301",7.11206259781801,"Grace","Christensen",1924,301
"302",0.255586955822661,"Emma","Andersen",1919,302
"303",0.330471416642133,"Meghan","Curry",1916,303
"304",-0.0191220294441683,"Samantha","Sherman",1919,304
"305",1.36720110639678,"Tyler","Walton",1910,305
"306",0.890731898514543,"Samantha","Anderson",1907,306
"307",-1.55650679290042,"Grace","Wolper",1924,307
"308",-0.460290000549932,"Daniel","Smyth",1916,308
"309",3.05311445947618,"Emma","Potter",1906,309
"310",2.07416106380799,"Matthew","Ashenfelter",1919,310
"311",3.2171468245668,"Madison","Sherman",1903,311
"312",-0.401889104409261,"James","Avila",1909,312
"313",1.02177784885954,"Victoria","Molina",1900,313
"314",1.72994912516299,"Taylor","Potter",1905,314
"315",5.24688143708644,"Zachary","Walton",1913,315
"316",6.35217352219042,"Emily","Andersen",1910,316
"317",0.331489197494205,"Daniel","Todd",1925,317
"318",2.61851338467446,"Alexis","Wolper",1917,318
"319",4.00889527236887,"Christopher","Wolper",1906,319
"320",0.443215012657048,"Olivia","Wolper",1919,320
"321",4.32731245193881,"Jacob","Mullins",1905,321
"322",3.61404312799138,"Michael","Chang",1918,322
"323",2.06691541149221,"Kayla","Campos",1912,323
"324",3.53358814229348,"Zachary","Chang",1914,324
"325",2.49864594340716,"Megan","Potter",1909,325
"326",-0.0205057931142025,"Alexis","Smith",1919,326
"327",1.55897970849898,"Hannah","Andersen",1922,327
"328",3.37926833150706,"John","Smith",1919,328
"329",3.61016080617197,"Alyssa","Brady",1907,329
"330",1.39147791669135,"Tyler","Chang",1919,330
"331",5.95338917830859,"Daniel","Goodwin",1913,331
"332",5.26991136280628,"Tyler","Todd",1902,332
"333",0.754579757672797,"Lauren","Avila",1915,333
"334",0.149965596865635,"Michael","Potter",1919,334
"335",-1.36432401446544,"Olivia","Ashenfelter",1916,335
"336",3.5137633588084,"Alyssa","Brady",1923,336
"337",0.513339908180103,"Madison","Sherman",1907,337
"338",1.70393110273352,"Grace","Ashenfelter",1913,338
"339",4.53951815003898,"William","Curry",1925,339
"340",0.0384273246625808,"Alexander","Curry",1914,340
"341",1.11494624738065,"Joshua","Wolper",1918,341
"342",3.37732885644003,"Zachary","Andersen",1916,342
"343",2.73898205600266,"Joseph","Mullins",1909,343
"344",4.44897550239821,"Elizabeth","Curry",1910,344
"345",0.0797068595070489,"Emma","Walton",1921,345
"346",-1.14532953037928,"Alyssa","Andersen",1902,346
"347",0.773881462410359,"Daniel","Avila",1921,347
"348",4.06137469940995,"Grace","Sherman",1907,348
"349",1.03085636496574,"Matthew","Avila",1920,349
"350",2.93281186233907,"Hannah","Williams",1918,350
"351",0.688038610813327,"Sarah","Sherman",1912,351
"352",4.8710286726059,"Victoria","Andersen",1924,352
"353",-0.417691836138622,"Matthew","Fischer",1918,353
"354",3.40796460354301,"Madison","Campos",1916,354
"355",1.00604777056848,"James","Fischer",1902,355
"356",1.37672409521114,"Samantha","Brady",1920,356
"357",1.90301327675977,"Samantha","Fischer",1903,357
"358",3.7187530962737,"Olivia","Todd",1903,358
"359",2.99575862801481,"Matthew","Todd",1921,359
"360",2.59760891991537,"Nicholas","Fischer",1908,360
"361",3.82959307601055,"David","Potter",1907,361
"362",1.45461499069115,"Hannah","Webster",1916,362
"363",2.95080646812748,"Michael","Andersen",1910,363
"364",3.15738835575417,"Emma","Goodwin",1903,364
"365",1.72127819493223,"Madison","Ashenfelter",1919,365
"366",2.14352085303031,"David","Molina",1902,366
"367",0.351095689275648,"Sarah","Walton",1920,367
"368",3.67802366122736,"Joshua","Brady",1901,368
"369",5.63574851372581,"Alexander","Cheng",1903,369
"370",2.96221215840638,"Daniel","Avila",1922,370
"371",-0.980879452716346,"Andrew","Campos",1909,371
"372",-0.185232865687803,"Grace","Sherman",1916,372
"373",3.84287572477215,"Rachel","Molina",1924,373
"374",2.34535677118151,"John","Mullins",1910,374
"375",-0.213960361460244,"Taylor","Anderson",1910,375
"376",0.796868861817089,"Olivia","Walton",1909,376
"377",2.23877740740632,"Jacob","Christensen",1922,377
"378",-0.00357682852144925,"Ryan","Mullins",1906,378
"379",4.91042590329649,"Emma","Christensen",1908,379
"380",1.11106263266672,"Madison","Ashenfelter",1913,380
"381",-1.27820111904127,"Alyssa","Potter",1907,381
"382",3.50135580220827,"Ryan","Fischer",1918,382
"383",0.934476079017568,"Jacob","Williams",1925,383
"384",-0.847279884825242,"Hannah","Sherman",1912,384
"385",4.17779568647681,"Taylor","Molina",1902,385
"386",1.4768295726759,"Hannah","Curry",1911,386
"387",-0.0954979035559577,"Michael","Walton",1917,387
"388",2.79096936332235,"Madison","Brady",1915,388
"389",1.84535622888242,"Joshua","Chang",1903,389
"390",2.97924346593935,"Taylor","Johnson",1915,390
"391",3.87591438194103,"Zachary","Ashenfelter",1907,391
"392",-0.583097808937632,"Elizabeth","Fischer",1908,392
"393",1.70990651887613,"Ashley","Ashenfelter",1910,393
"394",-0.204298025247022,"Anthony","Campos",1923,394
"395",4.98108165915113,"Megan","Molina",1900,395
"396",0.835101565920765,"Justin","Ashenfelter",1911,396
"397",2.79124400366587,"Kayla","Goodwin",1901,397
"398",-0.115622355554792,"Grace","Walton",1914,398
"399",2.07540606155638,"William","Potter",1903,399
"400",0.99385445157319,"Meghan","Avila",1917,400
"401",1.43117576076732,"Meghan","Williams",1921,401
"402",1.44491803527407,"Grace","Chang",1905,402
"403",4.01860832563959,"Taylor","Ashenfelter",1920,403
"404",-0.0904520422098222,"Anthony","Smith",1900,404
"405",1.53805859356574,"Anthony","Webster",1903,405
"406",1.99489767923749,"David","Cheng",1918,406
"407",2.04921143928286,"Brandon","Fischer",1924,407
"408",3.33796203325354,"Victoria","Potter",1925,408
"409",3.94576164551524,"Emily","Webster",1905,409
"410",0.185727619985465,"Andrew","Smith",1906,410
"411",2.44555491976733,"Lauren","Chang",1907,411
"412",4.8382878168647,"Ashley","Sherman",1903,412
"413",5.97770413533841,"John","Fischer",1919,413
"414",1.61709782746354,"Rachel","Smith",1904,414
"415",-0.565413810745227,"Alyssa","Molina",1906,415
"416",3.52497176157116,"Taylor","Potter",1901,416
"417",3.48600781000046,"Joshua","Avila",1918,417
"418",-0.397783400739665,"Brandon","Ashenfelter",1916,418
"419",4.30400880674033,"Justin","Chang",1923,419
"420",3.85516817620182,"Kayla","Campos",1909,420
"421",4.57799666830455,"Rachel","Mullins",1913,421
"422",-0.443182718378518,"Ashley","Goodwin",1902,422
"423",0.209770930312526,"Olivia","Andersen",1909,423
"424",1.8964754036551,"Joshua","Smyth",1921,424
"425",-0.75287149592522,"Daniel","Campos",1915,425
"426",4.16532939533199,"Meghan","Potter",1907,426
"427",2.93516393251771,"Lauren","Mullins",1904,427
"428",2.74306113999333,"Lauren","Potter",1925,428
"429",2.09950002006253,"Megan","Wolper",1921,429
"430",2.99906182792695,"Hannah","Avila",1918,430
"431",1.00847787786255,"Matthew","Molina",1911,431
"432",2.94222904637441,"James","Webster",1910,432
"433",3.26505327205205,"Nicholas","Goodwin",1912,433
"434",2.31548470790527,"Emma","Fischer",1908,434
"435",5.5998848932375,"Joshua","Christensen",1923,435
"436",-0.441285269088353,"Grace","Brady",1911,436
"437",0.899240618404452,"Andrew","Cheng",1910,437
"438",3.64878657283055,"Kayla","Webster",1915,438
"439",0.454367028106564,"Daniel","Anderson",1906,439
"440",1.81622073647669,"Elizabeth","Brady",1907,440
"441",3.49650121665329,"Tyler","Curry",1904,441
"442",1.45280055969523,"Joshua","Smyth",1908,442
"443",0.612323643824855,"Alexander","Ashenfelter",1906,443
"444",4.66789095217102,"Emily","Williams",1905,444
"445",2.24145709713661,"Sarah","Smith",1909,445
"446",4.88809029462318,"Sarah","Webster",1922,446
"447",0.0870639841719874,"Madison","Todd",1913,447
"448",3.31508839836862,"Samantha","Sherman",1900,448
"449",1.77460883259938,"Madison","Ashenfelter",1917,449
"450",6.33617034417071,"Meghan","Christensen",1901,450
"451",-1.55592203929718,"Victoria","Mullins",1914,451
"452",1.27939314896818,"Christopher","Potter",1925,452
"453",2.88266600447808,"Christopher","Smyth",1900,453
"454",1.64507899542989,"Nicholas","Smith",1911,454
"455",0.0523934897390386,"Jessica","Cheng",1913,455
"456",-1.3070080813729,"John","Williams",1907,456
"457",1.84468269052954,"William","Todd",1922,457
"458",0.427832734084987,"Lauren","Christensen",1912,458
"459",-1.20999033638357,"Ryan","Christensen",1923,459
"460",5.86274318936702,"Alexander","Todd",1925,460
"461",-0.110650821404218,"Kayla","Wolper",1903,461
"462",4.70852830220083,"Jessica","Todd",1914,462
"463",-1.10568964705367,"Michael","Andersen",1909,463
"464",5.34549740849247,"Alexis","Chang",1915,464
"465",1.22045184250397,"Emily","Chang",1906,465
"466",3.48738176410526,"Brandon","Smith",1911,466
"467",-0.153253333797728,"Ashley","Molina",1905,467
"468",3.70939229103711,"Joseph","Campos",1915,468
"469",-0.338844577511891,"Rachel","Fischer",1911,469
"470",1.19775846139386,"Daniel","Cheng",1906,470
"471",6.42927136258728,"Ashley","Smyth",1913,471
"472",2.1491522609181,"Matthew","Goodwin",1902,472
"473",-0.535118420211537,"Rachel","Cheng",1902,473
"474",-0.432348488641875,"Ashley","Cheng",1918,474
"475",0.967668937655201,"Alexander","Chang",1912,475
"476",2.18753631638138,"Grace","Fischer",1902,476
"477",1.01477867613037,"Jacob","Mullins",1924,477
"478",1.06597374490433,"Madison","Smyth",1903,478
"479",-0.73380826110521,"Tyler","Potter",1921,479
"480",3.76790483193371,"William","Walton",1904,480
"481",1.36996820048073,"Alexander","Williams",1904,481
"482",4.27540848303802,"Ashley","Sherman",1905,482
"483",3.38263878118841,"Alexis","Molina",1903,483
"484",4.50266551006295,"David","Walton",1922,484
"485",3.62983225383479,"Victoria","Potter",1925,485
"486",6.86663109642598,"Zachary","Ashenfelter",1907,486
"487",1.70184882059059,"Meghan","Walton",1903,487
"488",3.45362181417109,"Ryan","Todd",1905,488
"489",2.66075697095874,"Taylor","Potter",1901,489
"490",-1.78323690229174,"Joshua","Fischer",1901,490
"491",3.13280614284731,"Nicholas","Fischer",1907,491
"492",1.48622589559919,"Daniel","Cheng",1908,492
"493",2.68281282550758,"Rachel","Chang",1916,493
"494",0.594504835074325,"Jessica","Smith",1913,494
"495",2.26560050668152,"Brandon","Molina",1906,495
"496",2.58107741968029,"John","Goodwin",1900,496
"497",3.01292481816773,"Alyssa","Todd",1924,497
"498",-0.554427944361355,"Joseph","Molina",1900,498
"499",2.5877301381263,"Ashley","Cheng",1904,499
"500",3.26130368877465,"Lauren","Christensen",1900,500
"501",2.21641702323262,"Joseph","Avila",1925,501
"502",2.9163935045256,"Olivia","Walton",1900,502
"503",-0.266052951947466,"Michael","Walton",1919,503
"504",2.71676311735042,"Anthony","Smith",1915,504
"505",1.0104945536295,"Justin","Webster",1924,505
"506",1.23973841641591,"Matthew","Andersen",1909,506
"507",3.1319354354159,"Justin","Curry",1904,507
"508",2.86862005772941,"Megan","Cheng",1903,508
"509",5.16220908196852,"Kayla","Campos",1905,509
"510",2.63725649983953,"Daniel","Andersen",1923,510
"511",3.16274184543014,"Taylor","Campos",1904,511
"512",1.13859403562129,"Olivia","Molina",1900,512
"513",3.81924417512527,"Megan","Williams",1924,513
"514",3.25011676133951,"Victoria","Chang",1907,514
"515",3.52171973137523,"Tyler","Curry",1923,515
"516",1.23643554067539,"Joseph","Christensen",1924,516
"517",3.32818065991466,"Michael","Wolper",1906,517
"518",4.7154659032196,"Ashley","Chang",1922,518
"519",0.922802307087405,"Jacob","Anderson",1916,519
"520",2.35605609548072,"Sarah","Campos",1906,520
"521",-0.201868180505715,"Andrew","Chang",1925,521
"522",3.90219815022248,"Christopher","Christensen",1919,522
"523",-0.232335783400282,"Anthony","Fischer",1904,523
"524",1.47727291967186,"Tyler","Curry",1925,524
"525",1.30300475756166,"Alyssa","Wolper",1902,525
"526",1.22883014522282,"Hannah","Avila",1913,526
"527",1.21498511394597,"Lauren","Campos",1921,527
"528",3.436077350566,"James","Smith",1909,528
"529",1.96231469713018,"Rachel","Avila",1913,529
"530",3.77776678648825,"Olivia","Potter",1901,530
"531",-1.02005208729501,"Megan","Christensen",1919,531
"532",2.9344110044137,"Kayla","Chang",1904,532
"533",1.77128827140719,"Nicholas","Andersen",1905,533
"534",4.63479147907955,"Jacob","Smyth",1904,534
"535",3.75050839642711,"Samantha","Brady",1907,535
"536",0.650612408021435,"Brandon","Webster",1900,536
"537",1.78245964455038,"Alyssa","Smyth",1907,537
"538",0.954994643848825,"Megan","Potter",1920,538
"539",3.65570724862707,"Emily","Fischer",1917,539
"540",1.12326721209611,"Matthew","Christensen",1906,540
"541",4.20195664267562,"Joshua","Ashenfelter",1913,541
"542",0.173418595266768,"Alexander","Ashenfelter",1908,542
"543",4.07102646950696,"Elizabeth","Wolper",1923,543
"544",1.65721317737122,"Hannah","Andersen",1916,544
"545",1.68808925854988,"Christopher","Anderson",1919,545
"546",0.85464157278435,"Anthony","Anderson",1919,546
"547",2.25398236029673,"Rachel","Avila",1912,547
"548",1.12771039190917,"Olivia","Anderson",1925,548
"549",0.487308854256212,"Matthew","Sherman",1914,549
"550",0.416796124017824,"Tyler","Fischer",1913,550
"551",2.19489067436059,"Lauren","Sherman",1915,551
"552",-1.97062761385321,"Rachel","Molina",1916,552
"553",2.53739290967137,"Daniel","Goodwin",1912,553
"554",2.58030101952889,"Sarah","Molina",1912,554
"555",0.986650458454862,"Olivia","Cheng",1906,555
"556",7.06237896369936,"Brandon","Potter",1911,556
"557",1.29377873405026,"William","Ashenfelter",1916,557
"558",4.32778755301305,"Nicholas","Campos",1906,558
"559",2.17960770770773,"Lauren","Williams",1906,559
"560",1.55172787249212,"Justin","Johnson",1905,560
"561",1.40165138817228,"James","Johnson",1907,561
"562",1.40540185316146,"Victoria","Fischer",1907,562
"563",3.6243590276628,"Lauren","Christensen",1907,563
"564",2.99468063991026,"Joseph","Chang",1910,564
"565",-0.67167213005811,"Meghan","Wolper",1905,565
"566",4.46925389977406,"Elizabeth","Johnson",1905,566
"567",2.41651496701176,"Emma","Andersen",1919,567
"568",2.77945781438143,"Daniel","Curry",1902,568
"569",2.62500202847479,"Rachel","Potter",1903,569
"570",1.00830766237601,"Matthew","Todd",1911,570
"571",1.1681179494042,"Rachel","Christensen",1911,571
"572",3.35079898282556,"Jacob","Avila",1905,572
"573",4.2455085900173,"Kayla","Wolper",1923,573
"574",1.28101824559406,"Matthew","Andersen",1904,574
"575",2.85456347008106,"Meghan","Avila",1902,575
"576",0.111039068463857,"Olivia","Curry",1915,576
"577",1.90990075018595,"Christopher","Potter",1906,577
"578",2.08576140207166,"James","Williams",1900,578
"579",4.97665898740482,"Zachary","Ashenfelter",1904,579
"580",1.46092131878754,"Emily","Webster",1901,580
"581",2.39654695087509,"Andrew","Chang",1913,581
"582",7.52615033716513,"Brandon","Chang",1919,582
"583",4.50379881473222,"Ashley","Campos",1904,583
"584",1.73617927986563,"Rachel","Cheng",1919,584
"585",-1.48680612259048,"Alyssa","Brady",1904,585
"586",3.56101628703657,"Ryan","Molina",1907,586
"587",2.10756036886106,"Ashley","Webster",1901,587
"588",3.98827808280841,"Jessica","Fischer",1917,588
"589",3.92724306095042,"William","Walton",1909,589
"590",1.59503597866891,"Ryan","Potter",1924,590
"591",-0.00605316896052359,"Nicholas","Chang",1914,591
"592",2.5305857611659,"Brandon","Walton",1923,592
"593",4.29065818587779,"Zachary","Curry",1915,593
"594",5.6959235209255,"Jessica","Potter",1913,594
"595",0.290820755685742,"Zachary","Fischer",1916,595
"596",-0.646753164516354,"David","Wolper",1925,596
"597",3.56207770701105,"Daniel","Goodwin",1904,597
"598",4.86624627382703,"Ryan","Curry",1912,598
"599",3.50636935889009,"Nicholas","Goodwin",1904,599
"600",1.48626123067273,"Sarah","Wolper",1906,600
"601",-1.90259638425124,"Madison","Smith",1919,601
"602",1.41397571432736,"Grace","Mullins",1917,602
"603",3.31717283033993,"Joshua","Potter",1925,603
"604",2.52910526313377,"Nicholas","Molina",1913,604
"605",0.826701013797748,"Michael","Chang",1918,605
"606",2.22108513444814,"Alexander","Ashenfelter",1921,606
"607",0.274555398944805,"Madison","Anderson",1920,607
"608",2.88504252409527,"Alexander","Walton",1913,608
"609",2.09434499617899,"Samantha","Brady",1907,609
"610",4.67134027127881,"Daniel","Smith",1918,610
"611",2.10370470407184,"Christopher","Wolper",1900,611
"612",2.44657533487719,"David","Williams",1910,612
"613",0.658110021515381,"Sarah","Smith",1901,613
"614",3.20811454696458,"Joshua","Webster",1901,614
"615",-0.358642679067886,"Alexis","Ashenfelter",1922,615
"616",-0.00320365314470972,"Taylor","Cheng",1919,616
"617",6.6526632677918,"Elizabeth","Sherman",1916,617
"618",-1.09230508292316,"Meghan","Cheng",1917,618
"619",1.44652247526485,"Andrew","Andersen",1907,619
"620",5.73845006941639,"Sarah","Fischer",1918,620
"621",6.29380854753751,"Brandon","Chang",1925,621
"622",3.46972048450509,"Jacob","Campos",1905,622
"623",3.43238076607299,"Kayla","Wolper",1908,623
"624",0.0955469069009585,"Ashley","Mullins",1915,624
"625",1.35361687190392,"William","Johnson",1900,625
"626",3.20744691641002,"Sarah","Smith",1919,626
"627",4.31833555119622,"Emma","Mullins",1919,627
"628",2.76712279548166,"Emily","Curry",1904,628
"629",2.67653954619904,"James","Smith",1924,629
"630",4.78135560171993,"Jacob","Ashenfelter",1922,630
"631",2.15597295945767,"Daniel","Johnson",1905,631
"632",3.51810490248829,"Samantha","Smyth",1918,632
"633",5.17536983767306,"Joseph","Mullins",1921,633
"634",-1.75705616439012,"Michael","Ashenfelter",1919,634
"635",2.49060832180803,"Anthony","Mullins",1913,635
"636",-0.0951644069041082,"Grace","Johnson",1925,636
"637",1.80594392553803,"Emma","Potter",1920,637
"638",0.765772604605673,"Daniel","Fischer",1922,638
"639",4.44698533637956,"Rachel","Anderson",1902,639
"640",1.04180058395283,"Alexis","Mullins",1902,640
"641",1.12255316453713,"Alyssa","Anderson",1925,641
"642",2.83701514379046,"Michael","Molina",1903,642
"643",5.74276443862875,"Brandon","Todd",1901,643
"644",1.26801964046833,"Justin","Brady",1917,644
"645",2.36197751908458,"Elizabeth","Cheng",1905,645
"646",2.521843459204,"David","Ashenfelter",1918,646
"647",4.18984570299846,"Emma","Molina",1912,647
"648",1.04232014896028,"Meghan","Fischer",1907,648
"649",2.80731893164933,"Hannah","Smyth",1921,649
"650",-0.140257813522138,"Anthony","Fischer",1925,650
"651",-0.786303511747579,"Madison","Potter",1918,651
"652",0.487769802574426,"John","Potter",1913,652
"653",1.79036667536778,"Alexander","Chang",1913,653
"654",5.28334986918887,"Samantha","Johnson",1911,654
"655",2.38103006050359,"Sarah","Molina",1912,655
"656",6.55671356695379,"Tyler","Smith",1920,656
"657",0.0821189165390357,"James","Goodwin",1913,657
"658",2.59133748387911,"James","Todd",1921,658
"659",-1.45536611746689,"David","Fischer",1910,659
"660",1.05864596638063,"Kayla","Williams",1924,660
"661",7.73250542020334,"Kayla","Anderson",1923,661
"662",3.89258659419027,"James","Todd",1917,662
"663",0.96847740517028,"William","Johnson",1909,663
"664",2.41762055514577,"Ashley","Webster",1909,664
"665",2.63137178023941,"Joshua","Anderson",1908,665
"666",6.82082366585699,"Hannah","Brady",1911,666
"667",3.99567192303582,"Justin","Chang",1908,667
"668",1.38416014964655,"Samantha","Wolper",1923,668
"669",3.47031747832317,"Anthony","Webster",1921,669
"670",3.23209035417467,"Hannah","Mullins",1914,670
"671",2.255075754696,"Taylor","Molina",1916,671
"672",0.443717550996928,"Daniel","Avila",1925,672
"673",7.57748185959218,"Alyssa","Brady",1905,673
"674",-0.239904773362363,"Emma","Smith",1909,674
"675",3.91939705446521,"Alexander","Christensen",1907,675
"676",4.78772407354158,"Alexander","Sherman",1913,676
"677",3.4400925971879,"Alexis","Molina",1901,677
"678",3.37599506859961,"David","Potter",1924,678
"679",-1.74803397004926,"Nicholas","Todd",1923,679
"680",3.115467607847,"Taylor","Johnson",1909,680
"681",2.49157514093301,"Joseph","Fischer",1917,681
"682",-0.229080415550196,"Madison","Mullins",1923,682
"683",3.75084988145488,"Alexander","Williams",1900,683
"684",2.54985069640489,"Alexis","Andersen",1904,684
"685",4.75851445384006,"Michael","Christensen",1919,685
"686",3.71698815053094,"Emma","Anderson",1901,686
"687",0.33861045371307,"John","Smith",1924,687
"688",1.56353134631826,"Daniel","Andersen",1917,688
"689",4.09906890145022,"Ryan","Cheng",1920,689
"690",2.92308719892443,"Brandon","Ashenfelter",1907,690
"691",0.341275954403423,"Megan","Fischer",1904,691
"692",4.8062905603298,"Ashley","Ashenfelter",1912,692
"693",3.87443799107632,"Samantha","Christensen",1903,693
"694",6.58912443294384,"Ashley","Ashenfelter",1912,694
"695",1.85223290411507,"Andrew","Walton",1901,695
"696",1.29402633107699,"Zachary","Webster",1907,696
"697",2.6495551536194,"Michael","Avila",1903,697
"698",3.86847726904409,"Tyler","Curry",1911,698
"699",-0.475247517269695,"Victoria","Walton",1924,699
"700",0.276946216726384,"Jacob","Molina",1904,700
"701",4.76632777427646,"Emma","Mullins",1904,701
"702",0.743679034236835,"Madison","Mullins",1923,702
"703",2.58039036405963,"Joseph","Potter",1904,703
"704",2.91028579203713,"Elizabeth","Mullins",1912,704
"705",-0.778682636421276,"Nicholas","Anderson",1913,705
"706",1.28568537659437,"Ashley","Williams",1905,706
"707",1.22407052322363,"William","Curry",1917,707
"708",3.90066905536286,"Andrew","Smith",1900,708
"709",-1.12239798746398,"Ryan","Smith",1902,709
"710",3.91450413841927,"Meghan","Sherman",1912,710
"711",5.05637960813003,"Alexander","Williams",1901,711
"712",1.39105173486031,"Michael","Cheng",1905,712
"713",1.32215873278526,"Joseph","Smith",1906,713
"714",4.52499370911546,"Justin","Sherman",1901,714
"715",3.28911591900462,"David","Ashenfelter",1925,715
"716",4.09803903737274,"Elizabeth","Campos",1915,716
"717",1.9757675502592,"Samantha","Potter",1918,717
"718",3.06991393120395,"Grace","Webster",1921,718
"719",2.46686704543541,"Alyssa","Cheng",1918,719
"720",7.69363053086266,"Alexis","Johnson",1909,720
"721",2.70426517595437,"Megan","Avila",1912,721
"722",4.45834633804799,"Kayla","Christensen",1914,722
"723",4.36198304805121,"Lauren","Avila",1920,723
"724",2.87397317484515,"Anthony","Williams",1909,724
"725",2.41917214980899,"Christopher","Andersen",1915,725
"726",1.41361917797448,"Christopher","Sherman",1923,726
"727",3.1648759946885,"Matthew","Walton",1911,727
"728",1.29996346284151,"Tyler","Andersen",1914,728
"729",3.17138528420071,"David","Campos",1909,729
"730",2.01320808048073,"Jacob","Smyth",1909,730
"731",5.42919618553699,"Megan","Potter",1920,731
"732",-0.66290715346733,"Alexis","Anderson",1906,732
"733",-1.60513575651317,"David","Johnson",1911,733
"734",1.96089420744418,"Lauren","Potter",1921,734
"735",4.76747940197595,"Justin","Chang",1922,735
"736",3.62237774199661,"Jacob","Johnson",1922,736
"737",3.33665084946996,"Victoria","Walton",1904,737
"738",0.515641837786096,"Ashley","Anderson",1905,738
"739",1.85213409290109,"Jessica","Molina",1900,739
"740",0.920663664072733,"Brandon","Cheng",1918,740
"741",4.3956582076127,"Alyssa","Curry",1904,741
"742",4.08581670725745,"Andrew","Webster",1915,742
"743",4.5089018198979,"Emily","Smyth",1916,743
"744",-1.86627596948249,"Alexis","Potter",1905,744
"745",1.37797844326451,"Grace","Fischer",1911,745
"746",2.51177930851693,"James","Johnson",1915,746
"747",2.171058616224,"Tyler","Walton",1918,747
"748",-0.496997533416225,"Elizabeth","Johnson",1915,748
"749",4.75657886965083,"Rachel","Avila",1901,749
"750",0.0980091082476041,"Samantha","Avila",1902,750
"751",7.18857939198695,"Matthew","Molina",1910,751
"752",1.31861697584304,"Madison","Curry",1902,752
"753",-1.94904243386122,"Alexis","Fischer",1914,753
"754",3.79483616038471,"Grace","Potter",1921,754
"755",4.04811015839102,"Joshua","Andersen",1910,755
"756",2.81283457325712,"Jacob","Mullins",1902,756
"757",2.32575991840905,"Olivia","Mullins",1906,757
"758",1.12393421507834,"Rachel","Mullins",1908,758
"759",2.65805226189789,"Lauren","Curry",1922,759
"760",2.05905662897738,"Nicholas","Christensen",1924,760
"761",5.59073932139805,"Christopher","Curry",1921,761
"762",4.82260776637537,"Ashley","Todd",1904,762
"763",3.54270138353458,"Zachary","Smyth",1905,763
"764",0.834622494432048,"Elizabeth","Anderson",1904,764
"765",2.61937599021616,"Brandon","Smith",1903,765
"766",0.364269340572955,"Taylor","Mullins",1919,766
"767",4.51441484236533,"Tyler","Ashenfelter",1900,767
"768",0.975901641310013,"Justin","Walton",1904,768
"769",2.18019249016709,"Elizabeth","Williams",1908,769
"770",3.90160596294328,"Joshua","Curry",1909,770
"771",3.98704772161601,"Brandon","Andersen",1920,771
"772",2.82337166089529,"Matthew","Anderson",1920,772
"773",4.06672955574322,"Andrew","Smith",1911,773
"774",4.77902630522424,"Olivia","Williams",1907,774
"775",2.79266980266781,"Elizabeth","Campos",1900,775
"776",1.30299521958546,"Alyssa","Williams",1913,776
"777",5.76273870381049,"Matthew","Smith",1901,777
"778",1.83496978605646,"Alyssa","Fischer",1919,778
"779",1.04635986391275,"Sarah","Brady",1901,779
"780",3.59159926693979,"Sarah","Avila",1901,780
"781",1.50893905348238,"Madison","Brady",1917,781
"782",3.99483536033324,"Joshua","Mullins",1920,782
"783",1.01653342486503,"Nicholas","Fischer",1909,783
"784",2.40993811567311,"Alyssa","Campos",1921,784
"785",2.60204156376144,"Meghan","Andersen",1912,785
"786",5.83829412279563,"David","Smyth",1907,786
"787",2.59393597939484,"Taylor","Fischer",1920,787
"788",2.11199105263771,"Alexis","Potter",1908,788
"789",4.64712988180495,"Daniel","Avila",1907,789
"790",4.63357108007053,"Tyler","Brady",1922,790
"791",1.7073742676106,"Alexis","Webster",1906,791
"792",5.92386319600368,"Tyler","Todd",1910,792
"793",-2.07445690861896,"Hannah","Cheng",1915,793
"794",0.0376289079829926,"Madison","Smith",1910,794
"795",-0.131139039009954,"David","Christensen",1903,795
"796",5.63262561818942,"James","Todd",1914,796
"797",3.53739082643002,"Victoria","Andersen",1921,797
"798",3.85426041282925,"Megan","Avila",1917,798
"799",3.27788092206086,"Rachel","Anderson",1922,799
"800",3.56342895778724,"Michael","Chang",1905,800
"801",1.86113659575985,"Zachary","Avila",1906,801
"802",-1.87360134929067,"Christopher","Smith",1910,802
"803",1.52709828392419,"Nicholas","Brady",1924,803
"804",-3.230936190617,"Kayla","Avila",1910,804
"805",1.66676294380981,"Samantha","Wolper",1907,805
"806",2.79054234944811,"Daniel","Smyth",1924,806
"807",3.13704696160622,"Hannah","Cheng",1909,807
"808",4.84972675451817,"Olivia","Todd",1919,808
"809",0.581679529297437,"Brandon","Andersen",1924,809
"810",2.43600345783034,"William","Ashenfelter",1913,810
"811",4.38842061306523,"Megan","Chang",1903,811
"812",4.27406508700134,"William","Molina",1906,812
"813",4.33124673459701,"William","Todd",1922,813
"814",4.21462803858089,"Hannah","Cheng",1910,814
"815",1.38675181243119,"Meghan","Molina",1906,815
"816",1.58316407004791,"Victoria","Avila",1913,816
"817",3.08317673199932,"Ashley","Walton",1923,817
"818",1.08834696355657,"Olivia","Ashenfelter",1924,818
"819",4.74026427087747,"William","Williams",1914,819
"820",-0.416169004049961,"Emily","Anderson",1901,820
"821",1.71185305753423,"Elizabeth","Cheng",1916,821
"822",5.31795901784252,"Samantha","Molina",1906,822
"823",1.82548556400065,"Kayla","Johnson",1902,823
"824",-0.164223083244027,"Olivia","Avila",1915,824
"825",5.48748852304164,"Victoria","Molina",1909,825
"826",5.45200926966718,"Brandon","Smyth",1917,826
"827",3.92693141066188,"James","Brady",1913,827
"828",3.30864124656142,"Anthony","Chang",1919,828
"829",2.47505163907544,"Rachel","Christensen",1904,829
"830",1.15054285201054,"Matthew","Campos",1917,830
"831",0.859509873650519,"Alexander","Andersen",1902,831
"832",2.83335125770567,"Jacob","Fischer",1907,832
"833",1.24872436842644,"David","Molina",1902,833
"834",4.80633944379047,"Matthew","Goodwin",1906,834
"835",2.76945915081642,"John","Johnson",1915,835
"836",2.45017763076191,"Hannah","Cheng",1917,836
"837",-0.725868303627744,"Justin","Chang",1915,837
"838",0.898477471525562,"Tyler","Andersen",1907,838
"839",-0.608481983204795,"Alexander","Johnson",1910,839
"840",1.75542706650156,"Emma","Andersen",1917,840
"841",4.46804055345394,"Grace","Smith",1900,841
"842",5.74730721878594,"Alyssa","Goodwin",1914,842
"843",0.440403114743508,"Christopher","Andersen",1909,843
"844",2.48004113336885,"Emma","Williams",1903,844
"845",3.90285433464139,"Grace","Ashenfelter",1923,845
"846",1.8607782510041,"Rachel","Todd",1919,846
"847",-0.198851755378915,"Madison","Williams",1922,847
"848",0.428063424051057,"Elizabeth","Molina",1907,848
"849",3.81084367863795,"Joshua","Todd",1913,849
"850",0.328940747655472,"Jacob","Chang",1910,850
"851",2.16096028432064,"Jessica","Fischer",1900,851
"852",2.77068393331742,"Ashley","Fischer",1916,852
"853",1.91237729678306,"Ashley","Molina",1913,853
"854",0.981399695434015,"Victoria","Smyth",1905,854
"855",4.43713039426491,"Samantha","Cheng",1906,855
"856",0.486193796090003,"Madison","Christensen",1911,856
"857",-1.010896384205,"Samantha","Todd",1913,857
"858",0.999915798845597,"Rachel","Williams",1906,858
"859",-0.479272857200856,"Hannah","Potter",1918,859
"860",1.36383991435763,"Jessica","Ashenfelter",1910,860
"861",1.34507642067362,"Tyler","Wolper",1912,861
"862",1.94814793825101,"John","Potter",1915,862
"863",0.47395316034957,"Olivia","Anderson",1909,863
"864",1.77516550818245,"Joseph","Chang",1919,864
"865",1.55702465139868,"Zachary","Williams",1910,865
"866",1.25010137481452,"Daniel","Ashenfelter",1905,866
"867",1.18209891379534,"Zachary","Smyth",1912,867
"868",1.84411128247481,"Andrew","Cheng",1923,868
"869",5.76972164322204,"Olivia","Smyth",1902,869
"870",4.42085880755963,"Daniel","Johnson",1906,870
"871",5.75206888035445,"Zachary","Campos",1900,871
"872",0.330038528652034,"Tyler","Mullins",1909,872
"873",2.10540797369729,"William","Mullins",1915,873
"874",4.18631603312702,"Joshua","Brady",1920,874
"875",2.16508530890288,"Alexander","Walton",1909,875
"876",-2.31643030781749,"Michael","Andersen",1916,876
"877",3.18520015195356,"Alexis","Avila",1925,877
"878",0.960263088751559,"Joseph","Webster",1914,878
"879",3.98359871658681,"John","Mullins",1917,879
"880",5.94373376988653,"Meghan","Potter",1925,880
"881",3.95035526388681,"James","Anderson",1924,881
"882",3.45048931096718,"Olivia","Williams",1924,882
"883",1.56225435111783,"Joshua","Anderson",1925,883
"884",0.165732472047422,"Matthew","Webster",1919,884
"885",0.961403228895926,"David","Smith",1925,885
"886",-3.48985301610549,"Alyssa","Campos",1911,886
"887",2.44579629867131,"Andrew","Mullins",1917,887
"888",5.84197191319863,"Andrew","Anderson",1911,888
"889",4.00073431174914,"Samantha","Cheng",1911,889
"890",0.163477961300238,"Zachary","Potter",1902,890
"891",-0.961232274869304,"Alexander","Sherman",1925,891
"892",1.97552096896196,"Lauren","Campos",1901,892
"893",3.39754952128172,"Jessica","Fischer",1904,893
"894",3.43644852787466,"Michael","Smith",1902,894
"895",0.736039789736793,"Alexander","Molina",1924,895
"896",-2.57412537709986,"Alexis","Chang",1923,896
"897",-0.735506671020082,"Emily","Molina",1916,897
"898",3.57056349864621,"Jacob","Avila",1912,898
"899",1.57899669326966,"Rachel","Curry",1925,899
"900",3.4808350669867,"Megan","Potter",1907,900
"901",1.83565822280865,"Rachel","Potter",1921,901
"902",2.87284234276856,"Samantha","Anderson",1902,902
"903",4.76894433598179,"Alyssa","Potter",1907,903
"904",5.20408167735895,"Taylor","Fischer",1922,904
"905",1.24667576033608,"Taylor","Curry",1912,905
"906",4.43309751691281,"Ashley","Walton",1912,906
"907",3.43400130053284,"Nicholas","Molina",1907,907
"908",0.37603134074224,"Christopher","Webster",1902,908
"909",0.585346230541955,"Andrew","Webster",1901,909
"910",2.65479338122761,"David","Webster",1907,910
"911",3.43325175364855,"Anthony","Potter",1903,911
"912",2.78318000995399,"Tyler","Goodwin",1906,912
"913",3.77330177970207,"Samantha","Cheng",1904,913
"914",-0.680029450414776,"Elizabeth","Walton",1910,914
"915",1.5224305152452,"Justin","Wolper",1903,915
"916",4.49133481792693,"Elizabeth","Christensen",1918,916
"917",0.34071623196386,"Emma","Molina",1914,917
"918",-0.862515120525994,"Alyssa","Mullins",1918,918
"919",-0.292669615081751,"Joseph","Molina",1911,919
"920",4.88582963518748,"Kayla","Goodwin",1915,920
"921",1.69005293538839,"Hannah","Brady",1905,921
"922",4.86321171618924,"Alexis","Molina",1922,922
"923",5.33246751331831,"Emma","Johnson",1905,923
"924",5.28850394120516,"Victoria","Andersen",1903,924
"925",2.94069507320829,"Alyssa","Anderson",1913,925
"926",-0.450396573653353,"Andrew","Walton",1914,926
"927",-2.5056301043249,"Jacob","Campos",1918,927
"928",2.30488927561295,"Daniel","Anderson",1922,928
"929",1.1512601603706,"Daniel","Ashenfelter",1910,929
"930",4.79352862927656,"Jessica","Andersen",1912,930
"931",5.78192630375389,"Tyler","Campos",1902,931
"932",6.78352129606945,"Tyler","Chang",1913,932
"933",1.18813111438581,"Elizabeth","Sherman",1918,933
"934",2.55912015844412,"Alexis","Chang",1911,934
"935",4.82339741960783,"Madison","Wolper",1915,935
"936",1.45065298453245,"Victoria","Wolper",1903,936
"937",1.67554507895365,"Alyssa","Smith",1906,937
"938",2.42977961441815,"Lauren","Avila",1912,938
"939",1.80073846624461,"William","Walton",1911,939
"940",1.03227265578995,"Alexander","Avila",1912,940
"941",2.22368374941269,"Ashley","Wolper",1923,941
"942",1.68793975004324,"Zachary","Walton",1922,942
"943",-0.474024751704055,"Daniel","Curry",1922,943
"944",3.56447367690243,"Jacob","Brady",1918,944
"945",2.36622609889574,"Matthew","Christensen",1919,945
"946",4.33900083750283,"Nicholas","Johnson",1908,946
"947",3.87829846987434,"Meghan","Mullins",1916,947
"948",2.63929779276243,"Meghan","Fischer",1907,948
"949",1.30167726755218,"Ryan","Sherman",1905,949
"950",4.31554021287232,"Justin","Christensen",1902,950
"951",-0.424128060068858,"Joseph","Fischer",1922,951
"952",0.841253302013555,"Joshua","Ashenfelter",1902,952
"953",3.69968421655653,"Samantha","Todd",1901,953
"954",3.35328216686443,"Alyssa","Cheng",1918,954
"955",-3.05763681554048,"Alexander","Walton",1923,955
"956",-1.37685214867181,"Jessica","Andersen",1920,956
"957",2.90002368813983,"James","Williams",1902,957
"958",1.88212708388519,"Alyssa","Andersen",1920,958
"959",2.472501011244,"Ryan","Brady",1910,959
"960",4.15187769290185,"Alyssa","Johnson",1910,960
"961",3.93715375413919,"William","Avila",1913,961
"962",1.46285011247282,"David","Wolper",1910,962
"963",3.37157592705038,"Lauren","Mullins",1906,963
"964",3.24362188119113,"Joshua","Campos",1915,964
"965",0.765824541188521,"Emily","Molina",1907,965
"966",0.919873885610333,"Elizabeth","Williams",1922,966
"967",1.33209084411987,"Alexander","Williams",1911,967
"968",0.364040886232748,"Alexis","Wolper",1925,968
"969",0.59862273176035,"Sarah","Potter",1908,969
"970",0.128450843914682,"Alexander","Cheng",1902,970
"971",3.43453566487432,"William","Avila",1922,971
"972",0.241053803165959,"Matthew","Smith",1901,972
"973",3.66368607889375,"Madison","Johnson",1904,973
"974",2.81844362848442,"Andrew","Johnson",1901,974
"975",2.00263143809649,"Zachary","Potter",1920,975
"976",-0.630259775291078,"Emma","Wolper",1907,976
"977",3.65702467873608,"Justin","Anderson",1902,977
"978",0.717131706292884,"Rachel","Webster",1914,978
"979",2.31872730033847,"Lauren","Curry",1906,979
"980",1.44000597976494,"Brandon","Williams",1924,980
"981",0.391588629553234,"Brandon","Smith",1913,981
"982",0.238114515599382,"Alyssa","Smyth",1902,982
"983",1.10713940136835,"David","Molina",1920,983
"984",2.27248693497948,"Kayla","Avila",1901,984
"985",2.23109733068294,"James","Cheng",1923,985
"986",3.66001847204021,"Nicholas","Curry",1904,986
"987",1.03661985177077,"Sarah","Brady",1925,987
"988",2.62440343221229,"John","Ashenfelter",1916,988
"989",-1.17921584818934,"Andrew","Sherman",1916,989
"990",1.05351728664357,"Emily","Smith",1920,990
"991",-1.47279422799381,"Sarah","Mullins",1904,991
"992",2.84474904850744,"Megan","Chang",1921,992
"993",1.31946270053709,"Jessica","Christensen",1918,993
"994",0.0298845979606482,"Taylor","Todd",1902,994
"995",3.17766837871248,"Joshua","Ashenfelter",1917,995
"996",1.60574823225,"Taylor","Andersen",1909,996
"997",3.04632119802716,"Grace","Fischer",1903,997
"998",3.74278940798498,"Sarah","Walton",1911,998
"999",1.15102000079712,"Hannah","Wolper",1902,999
"1000",3.95361673851819,"Ryan","Brady",1913,1000
